1688
1632
1574
606
1735
280
1055
650
1414
1113
1749
472
1668
1489
45
1125
1754
891
304
412
883
213
904
808
631
772
1017
1570
1590
668
1078
1825
1827
29
721
712
1194
400
105
678
1646
627
1208
1358
964
1717
121
1664
816
739
965
845
1786
956
91
1474
496
805
1222
1770
1492
1221
681
841
1261
1240
1703
1690
736
1129
212
1046
1652
1438
1141
1179
1611
1801
269
554
1675
1196
136
464
204
542
1724
57
101
1206
102
1201
1531
300
958
1380
709
609
373
905
446
1351
1405
1817
1298
456
1595
536
1326
23
1051
337
232
1250
646
1547
383
807
260
804
1725
539
1764
1573
157
447
428
836
169
1128
1510
731
692
569
249
437
1534
1205
1279
1303
634
1094
1285
713
303
452
1728
911
487
1687
1697
275
1165
463
729
206
920
177
184
282
1614
1159
166
114
908
614
961
1253
689
833
220
1443
1242
1617
574
1556
1137
910
1412
1236
973
251
1189
439
1320
1432
565
1185
1580
1391
1763
1509
1767
186
47
1182
234
322
1744
1734
969
104
128
937
1653
1677
862
966
1475
1798
362
146
983
852
356
924
1315
287
1259
122
786
1426
1448
1624
1256
907
784
1007
1451
1469
776
608
840
1504
663
32
174
706
268
9
1535
1122
1682
888
680
264
875
1235
58
1708
12
1229
309
274
185
1139
1661
900
1091
1793
1491
1794
556
289
515
522
903
989
1622
1453
1795
1583
857
1348
50
1776
769
1822
1023
1357
1072
1353
1712
541
1536
259
779
1747
1404
1042
6
1092
1549
1548
371
1057
508
1100
152
457
685
1155
396
1297
1666
605
913
273
1031
1406
1374
1312
1064
1636
228
1258
1215
1180
1177
1157
1263
1593
385
1546
1759
1267
258
171
943
568
963
172
421
1495
1379
558
1625
199
1544
1585
1695
1807
1069
514
231
187
702
1173
499
347
984
553
489
422
562
240
1500
1588
647
1702
1662
1169
773
37
492
719
867
1144
1468
747
1056
1619
960
43
323
855
1821
55
1230
1247
617
735
1647
1210
1112
1232
953
149
997
596
770
1753
88
914
1033
974
1249
1398
1826
1419
