1 1.315474 1.289904 0.07628799999999999 120.967742
0 0.97919 1.237175 0.103077 93.506494
0 0.8040119999999999 1.132231 0.100771 87.272727
0 1.51622 1.196611 0.137418 156.521739
0 1.544209 1.371357 0.074665 137.142857
0 1.238494 1.078467 0.063072 138.461538
0 1.872996 1.713549 0.098705 129.032258
0 1.020355 1.179036 0.104373 102.857143
1 1.319478 1.31579 0.079787 118.226601
0 1.501077 1.47892 0.118077 121.827411
0 1.471659 1.525429 0.10807 115.384615
0 1.916437 1.546362 0.09021700000000001 153.846154
0 1.243331 1.399733 0.102374 105.263158
1 1.139347 1.216504 0.087202 111.111111
0 1.146001 1.254583 0.076241 108.597285
1 1.180595 1.111018 0.060332 126.315789
0 1.230732 1.530108 0.09232700000000001 97.165992
0 0.715461 1.15429 0.09937 75
1 1.361919 1.256995 0.145086 130.909091
0 1.314719 1.156062 0.148062 138.461538
1 1.229933 1.348636 0.091889 110.599078
0 1.513544 1.150938 0.101562 157.894737
1 0.767149 1.189821 0.098125 76.433121
0 1.405283 1.197135 0.090001 141.176471
0 1.24456 1.379473 0.126231 107.623318
0 1.003695 0.874633 0.061386 135.849057
0 1.147882 1.282662 0.11279 107.142857
1 1.0565 1.383374 0.112496 92.307692
1 1.920478 1.334207 0.050552 175.609756
0 1.359802 1.436055 0.092319 114.285714
0 0.619123 0.9295 0.121616 77.419355
1 1.827589 1.625317 0.08335099999999999 131.868132
0 0.629692 0.934516 0.07678500000000001 81.81818199999999
0 1.166093 1.32411 0.10374 104.347826
0 1.901438 1.824402 0.127903 125
1 1.298172 1.354107 0.070383 114.832536
0 1.269857 1.363349 0.120616 110.769231
0 1.091738 0.9819639999999999 0.155475 128.571429
1 0.7611289999999999 1.213132 0.095232 75
0 0.667532 1.122844 0.067732 70.381232
1 0.667874 1.164834 0.07543900000000001 68.76790800000001
1 1.464806 1.520347 0.101265 116.129032
0 0.823453 1.16953 0.079457 84.805654
0 0.865984 1.352194 0.09027300000000001 77.419355
1 1.063446 1.280746 0.09077 99.58506199999999
1 1.344864 1.357586 0.081897 121.212121
1 1.83129 1.796746 0.102085 122.44898
0 1.795964 1.511617 0.124945 144
0 0.977939 1.271929 0.118017 92.307692
1 1.314543 1.363041 0.106699 115.942029
1 1.6566 1.585864 0.094191 125
1 1.308476 1.25265 0.071107 123.71134
1 1.073477 1.294003 0.125605 100
0 1.163997 1.020291 0.069662 133.333333
0 1.730114 1.631179 0.125192 126.315789
1 1.26787 1.366405 0.084037 112.149533
0 1.113788 1.268914 0.104317 104.347826
1 0.886965 1.02468 0.119212 104.347826
1 1.944146 1.579667 0.08881 147.239264
1 1.464444 1.153711 0.024114 153.191489
0 1.192069 1.316265 0.045772 109.090909
0 0.679696 0.975758 0.129568 85.40925300000001
1 1.432323 1.455613 0.09229900000000001 115.384615
0 1.508805 1.279557 0.053266 143.712575
0 1.414439 1.386394 0.07423100000000001 124.352332
0 1.467814 1.329746 0.116256 133.333333
0 1.215271 1.307201 0.102162 111.627907
0 0.650743 1.051019 0.067499 73.170732
0 1.270248 1.428911 0.060866 106.007067
1 1.063609 1.317799 0.13541 97.297297
1 0.920196 1.202787 0.11804 91.25475299999999
1 1.097383 1.193324 0.060565 110.701107
0 0.292372 0.7214699999999999 0.132795 47.904192
0 1.05949 1.206644 0.091276 106.666667
0 2.115945 1.614327 0.088257 156.862745
0 1.80523 1.642216 0.093861 133.333333
0 1.371966 1.250668 0.134084 133.333333
0 1.294707 1.339344 0.131014 115.384615
0 1.154278 1.369201 0.110628 102.564103
0 1.70988 1.285387 0.05603 162.162162
0 1.59718 1.596298 0.088125 120
0 1.947819 1.823756 0.108086 126.315789
0 1.25204 1.216014 0.094706 126.315789
0 1.06832 1.216696 0.118825 105.882353
1 0.919435 1.114238 0.122457 98.36065600000001
1 1.822288 1.573367 0.076908 139.534884
1 1.434234 1.529699 0.059654 112.676056
0 0.932899 1.165473 0.069984 94.736842
0 1.120385 1.076061 0.0706 126.315789
0 1.253402 1.305748 0.07631 118.032787
1 0.9380810000000001 1.266775 0.08054600000000001 88.88888900000001
0 1.047635 0.922675 0.116879 133.333333
1 1.459819 1.207263 0.054642 146.938776
0 0.435723 1.099935 0.088253 47.619048
1 2.125528 1.607611 0.121968 158.940397
1 1.14083 1.340207 0.119997 103.004292
0 0.813239 1.079761 0.111373 88.88888900000001
1 2.085208 1.841594 0.132289 135.59322
0 0.759167 0.833743 0.102454 110.769231
0 1.652044 1.564144 0.098569 126.984127
0 1.41246 1.164074 0.118156 146.938776
0 1.735787 1.587795 0.09474100000000001 131.868132
0 0.905852 1.263682 0.074888 86.642599
0 1.454331 1.262614 0.044543 141.176471
0 1.198019 1.369085 0.103785 104.803493
1 1.908865 1.61047 0.086592 140.350877
0 0.823728 1.238686 0.127644 78.26087
0 1.591757 1.217004 0.114837 156.862745
0 0.389603 1.157241 0.093144 40.747029
0 1.285262 1.370857 0.105395 112.359551
0 1.132858 1.150122 0.06301 120
0 1.27662 1.343254 0.07713200000000001 113.744076
0 0.449867 0.874403 0.113617 62.068966
1 1.549286 1.202817 0.073199 156.521739
0 1.531365 1.631864 0.112636 112.149533
0 0.9488490000000001 1.003381 0.157312 114.285714
1 1.982069 1.638507 0.08538 149.068323
1 1.460423 1.483294 0.09499299999999999 117.073171
0 0.941831 1.192457 0.080869 95.238095
1 1.948279 1.585032 0.078862 147.239264
1 1.290255 1.305937 0.070655 118.226601
1 2.122989 1.568682 0.070022 158.940397
0 1.525185 1.500115 0.101579 121.212121
0 1.290859 1.100508 0.063926 141.176471
0 1.373417 1.285794 0.111942 130.909091
1 1.133099 1.304351 0.057044 104.895105
0 1.345768 1.216602 0.1096 130.909091
0 1.226833 1.351606 0.128011 107.462687
0 1.927305 1.571023 0.079794 145.454545
0 0.737305 1.195786 0.103699 72.727273
0 1.307484 1.378197 0.068186 114.285714
0 0.7652640000000001 1.217642 0.028793 76.190476
0 1.37803 1.265395 0.078837 131.868132
0 1.218554 1.148402 0.06601799999999999 128.342246
1 1.495647 1.541243 0.091276 116.129032
0 1.630358 1.407756 0.09537900000000001 141.176471
1 0.8701680000000001 1.094335 0.10872 96
0 0.805056 1.098619 0.052501 91.139241
0 0.920851 1.314472 0.094585 83.044983
1 1.725507 1.247372 0.052158 167.44186
0 1.29017 1.051963 0.09232799999999999 146.938776
0 1.33194 1.383335 0.114577 117.073171
0 1.293027 1.339404 0.078655 117.073171
1 0.724985 0.997968 0.051041 87.20930199999999
0 0.90232 0.944615 0.112733 115.942029
0 0.647071 1.099181 0.067954 70.175439
0 1.326291 1.39913 0.181353 114.285714
1 1.761659 1.206855 0.05894 175.609756
0 1.032524 1.2498 0.151947 97.297297
0 1.297149 1.346672 0.075933 114.285714
1 1.155413 1.298253 0.13165 106.19469
1 1.897788 1.82682 0.126085 123.71134
0 1.77267 1.231701 0.078316 171.428571
0 1.151258 1.289679 0.082292 107.142857
1 1.36117 1.374275 0.094329 120
0 1.097926 1.285334 0.112535 102.857143
0 1.718893 1.301294 0.07786899999999999 156.521739
0 1.270084 1.330274 0.072977 112.676056
0 1.995456 1.637547 0.04635 146.341463
0 0.706022 1.158946 0.08888699999999999 73.349633
1 1.800636 1.444505 0.08359900000000001 148.148148
0 1.123687 1.286196 0.069684 103.448276
0 1.228657 1.298702 0.080849 114.285714
0 1.314543 1.196306 0.111881 133.333333
1 1.203585 1.209484 0.07382 120
0 1.138883 1.311215 0.107485 105.263158
1 2.057419 1.62045 0.059854 155.844156
0 1.380116 1.448005 0.096876 114.285714
0 1.05813 1.413175 0.064203 90
1 0.663913 1.093624 0.076155 72.289157
0 0.938671 1.083061 0.08580599999999999 106.666667
0 0.8211540000000001 0.923982 0.122211 107.142857
0 1.169695 1.398214 0.130773 100
0 1.835977 1.482241 0.07464800000000001 145.454545
0 1.393754 1.323562 0.052249 124.137931
0 1.151997 1.259402 0.086439 110.769231
0 1.90127 1.572438 0.078624 146.341463
0 1.032633 1.200614 0.083621 104.347826
1 1.138262 1.112437 0.07486 119.402985
0 0.955622 1.064624 0.107873 109.589041
0 1.109789 1.350394 0.074633 98.36065600000001
0 1.265646 1.374342 0.101001 108.597285
0 0.854255 0.944115 0.131628 107.462687
0 1.269097 1.321878 0.08646 115.384615
1 1.806733 1.644827 0.082608 131.147541
1 1.339554 1.468736 0.057912 107.623318
0 1.136657 1.30285 0.101937 105.882353
0 1.405369 1.48178 0.113071 114.285714
0 1.460154 1.449396 0.137644 120
0 1.165839 1.29569 0.08050400000000001 106.666667
1 1.284592 1.207242 0.091339 130.909091
0 1.85347 1.680755 0.091166 133.333333
0 1.011402 1.253247 0.108087 97.165992
0 1.230303 1.276138 0.079808 116.27907
0 1.559258 1.381413 0.07968 133.333333
0 1.262133 1.428799 0.188546 105.882353
0 1.111629 1.003614 0.058002 133.333333
0 1.08328 1.134723 0.046359 114.285714
1 1.863306 1.740352 0.08084 128.342246
0 0.659008 1.025988 0.116636 76.190476
0 1.459855 1.619653 0.133887 107.462687
0 1.391348 1.398541 0.058625 121.212121
0 1.406093 1.245498 0.038822 134.831461
0 1.773821 1.416662 0.073868 150
1 1.23119 1.315668 0.058196 112.676056
0 0.859209 1.147687 0.084465 90.56603800000001
1 0.446519 1.065759 0.113045 49.89605
0 1.30237 1.377567 0.07399699999999999 114.285714
1 0.619416 1.154253 0.060678 64.51612900000001
0 0.800943 1.251603 0.130331 76.433121
1 0.953145 1.233386 0.1001 94.11764700000001
0 1.115904 1.045215 0.100663 130.909091
1 1.679415 1.581304 0.105159 126.315789
0 1.461695 1.375836 0.156699 126.315789
0 1.045557 1.203156 0.118675 102.12766
0 1.004724 1.286244 0.10426 93.75
0 1.396265 1.543559 0.109758 107.623318
0 1.160032 1.364047 0.09320100000000001 103.092784
0 0.898108 1.131745 0.056882 96
0 0.759503 1.162929 0.092324 77.922078
1 1.065926 1.208411 0.078475 104.347826
1 0.741244 0.857312 0.105941 103.896104
1 1.257696 1.388798 0.112351 107.623318
0 1.323918 1.360672 0.072993 116.129032
0 0.85952 1.144985 0.105377 90
0 1.070394 1.190304 0.082083 105.882353
0 0.593621 1.132633 0.085342 62.608696
0 0.859105 1.171608 0.085253 85.40925300000001
0 1.044091 1.149037 0.09472 109.090909
0 0.814231 1.058802 0.117548 94.11764700000001
0 2.03926 1.744533 0.096151 140.350877
0 1.38535 1.566291 0.104086 107.623318
0 1.595229 1.441093 0.093676 133.333333
0 1.403827 1.478696 0.152003 114.285714
0 1.558133 1.574248 0.09139600000000001 120
0 1.69746 1.425767 0.105951 144
0 1.15723 1.189882 0.049124 118.032787
1 2.061101 1.672443 0.098505 150
0 1.510866 1.362856 0.096737 135.849057
0 1.056314 1.312387 0.101145 96.77419399999999
0 1.41894 1.246073 0.055474 137.142857
0 1.281845 1.176545 0.127808 133.333333
0 1.372677 1.184099 0.060293 141.176471
1 0.982466 1.297058 0.07484300000000001 88.560886
1 2.065132 1.635469 0.078113 151.898734
1 1.044271 1.35171 0.08181099999999999 92.307692
0 1.837413 1.63173 0.107636 135.849057
0 0.404684 1.084224 0.114998 46.421663
0 1.063444 1.049746 0.084068 124.137931
0 1.347404 1.132893 0.138204 144
1 1.167031 1.285596 0.088356 108.597285
0 1.299072 1.241061 0.063084 127.659574
0 1.144781 1.344715 0.092931 103.448276
0 1.315397 1.337574 0.08856 118.226601
0 0.924316 1.171927 0.050635 92.307692
0 1.284022 1.377705 0.11607 111.111111
0 1.380016 1.447416 0.117296 112.676056
0 0.95994 1.252186 0.075263 90.56603800000001
1 1.411821 1.291746 0.053409 131.147541
0 0.935764 1.125827 0.066207 100
0 1.406719 1.409141 0.134731 118.032787
0 0.836332 1.140422 0.026819 87.804878
0 1.085942 1.313796 0.046371 98.684211
0 1.087632 1.09697 0.064539 122.033898
0 1.89721 1.440301 0.101773 156.521739
0 1.552678 1.379848 0.068347 133.333333
0 1.449951 1.518197 0.08520999999999999 109.090909
0 1.21899 1.342599 0.06343600000000001 109.589041
0 1.865153 1.549928 0.07589 144.578313
0 0.628483 0.91483 0.136572 80
0 0.916679 1.265476 0.110669 85.10638299999999
1 0.6848880000000001 1.048169 0.082901 77.922078
1 0.7834 1.368004 0.091117 69.902913
0 1.166781 1.258763 0.09224400000000001 111.111111
1 1.853748 1.73603 0.117074 127.659574
0 1.298937 1.288715 0.09578100000000001 124.137931
0 0.8947889999999999 1.199349 0.121196 88.560886
0 1.695552 1.420848 0.08687 144
0 1.704468 1.496617 0.096821 137.142857
0 0.776841 1.111369 0.06496200000000001 84.805654
1 1.509792 1.584798 0.115479 115.384615
0 0.635493 1.089809 0.118402 71.599045
0 1.884285 1.809526 0.082728 125
0 0.488132 1.067905 0.108687 55.147059
0 0.905147 1.111794 0.038272 97.297297
1 1.298035 1.244896 0.08866300000000001 125
1 2.029323 1.656831 0.085023 150.943396
0 1.695215 1.601585 0.07486 126.315789
0 1.565167 1.526089 0.110854 122.44898
1 1.468063 1.514998 0.109135 117.073171
0 1.232337 1.309686 0.085422 112.676056
0 1.309221 1.214126 0.104879 128.571429
0 1.338256 1.569246 0.106031 102.564103
1 1.325858 1.218908 0.113301 133.333333
1 0.747109 1.193508 0.08251699999999999 75.949367
0 1.200646 1.414556 0.128034 102.12766
1 1.150364 1.123904 0.033593 124.137931
1 1.112485 1.233844 0.089453 107.623318
1 1.194099 1.331683 0.083606 106.761566
0 1.05775 1.274863 0.148961 98.765432
0 1.309212 1.376798 0.09524000000000001 116.129032
0 1.069825 1.191236 0.088085 107.142857
1 1.389687 1.173784 0.104065 144
0 0.885285 1.102735 0.084884 96
1 1.27862 1.35719 0.099325 113.207547
0 1.292287 1.406691 0.099763 111.940299
0 1.299508 1.310902 0.093512 120
1 0.939777 1.262802 0.091575 90.22556400000001
0 1.001376 1.272679 0.110284 93.506494
0 0.912185 1.15771 0.110609 93.506494
0 1.424222 1.211677 0.09689 141.176471
0 1.251223 1.340504 0.078639 112.149533
0 0.843243 1.057297 0.068026 97.297297
1 1.096482 1.024146 0.096872 130.909091
0 1.301521 1.445675 0.093371 108.695652
0 0.469497 0.823464 0.123004 69.565217
0 0.844706 1.320887 0.08179699999999999 75.23511000000001
1 1.273021 1.354706 0.102181 112.149533
1 0.890406 1.08598 0.089767 100
0 1.156019 1.06741 0.07412299999999999 129.72973
0 1.72222 1.312866 0.07772900000000001 160
0 1.34598 1.349178 0.076964 117.073171
0 1.522951 1.211028 0.07786800000000001 156.521739
0 1.027699 1.295437 0.102809 93.506494
0 0.914021 1.238823 0.104029 89.88764
0 1.320457 1.292895 0.172584 124.137931
0 1.223052 1.258161 0.07729 115.384615
1 1.36023 1.498122 0.092899 110.091743
0 1.192549 1.377208 0.124667 106.382979
0 0.830363 1.080093 0.122249 91.25475299999999
0 1.386575 1.36817 0.087508 124.352332
0 0.848203 0.99556 0.084463 102.564103
0 1.409461 1.164999 0.063148 148.148148
1 0.91492 1.210249 0.106077 92.307692
0 0.910985 1.248762 0.14239 85.714286
0 1.421311 1.520311 0.083909 112.5
0 0.876267 1.157769 0.119541 91.139241
1 2.063639 1.815676 0.091075 136.363636
0 1.181554 1.148541 0.102904 126.315789
0 1.562025 1.608492 0.085359 115.942029
0 1.154773 1.259441 0.08901299999999999 109.89011
0 0.859152 1.085319 0.036731 98.630137
0 1.075284 1.326916 0.09087099999999999 95.238095
0 2.037008 1.585809 0.082733 154.83871
1 0.5862270000000001 1.027052 0.070039 67.988669
0 1.523319 1.446013 0.08973200000000001 126.315789
0 0.872368 1.133885 0.106977 93.023256
1 1.019715 1.193188 0.09546399999999999 102.857143
0 1.550904 1.353083 0.141215 138.461538
1 1.468461 1.308362 0.127779 133.333333
1 1.557248 1.534584 0.096346 121.827411
0 1.464973 1.507859 0.112011 117.073171
0 1.987982 1.497259 0.100429 162.162162
0 1.314299 1.400122 0.077276 112.5
0 1.26194 1.268329 0.087577 119.402985
0 0.7278289999999999 1.095816 0.097589 78.26087
0 1.421863 1.461819 0.1088 118.032787
0 1.761722 1.587136 0.096674 134.078212
1 1.005736 1.184327 0.089683 102.12766
0 2.015644 1.891606 0.117643 126.315789
0 1.163042 1.276358 0.091655 110.091743
0 1.302692 1.247023 0.049686 126.315789
0 1.886724 1.527571 0.081814 145.454545
0 1.267675 1.336267 0.094803 113.207547
0 1.241301 1.389504 0.07454 107.623318
1 1.048813 1.168004 0.127609 109.090909
0 1.771842 1.503808 0.080872 143.712575
1 0.918107 1.236664 0.037689 88.88888900000001
1 0.970427 1.348772 0.100847 87.272727
0 1.209261 1.382874 0.09475500000000001 105.882353
1 0.636521 1.050119 0.08060299999999999 72.727273
1 1.218938 1.31469 0.108535 111.627907
0 1.026177 1.144937 0.043178 106.761566
0 1.16433 1.275287 0.044943 109.090909
0 1.690375 1.546251 0.127758 130.434783
1 0.936204 1.119055 0.090959 101.694915
1 0.719178 1.26785 0.079148 67.924528
1 1.575219 1.682166 0.09625599999999999 110.599078
1 1.432096 1.52919 0.085304 112.5
0 1.425886 1.425495 0.140738 120
1 1.282751 1.3734 0.09023399999999999 112.149533
0 0.831871 1.249337 0.116501 81.91126300000001
0 1.323643 1.323829 0.126687 120
1 0.956962 1.205399 0.099064 95.238095
0 1.16599 1.15558 0.045237 119.402985
0 0.77008 1.286584 0.091971 70.588235
0 1.217262 1.348081 0.07661999999999999 109.589041
0 0.938474 1.189632 0.117383 94.11764700000001
0 0.748912 1.067581 0.060558 83.56546
0 0.876679 1.101612 0.06861299999999999 97.297297
0 1.443926 1.178394 0.07907400000000001 146.938776
0 1.005425 1.183096 0.079276 101.694915
1 1.019743 1.301238 0.093727 94.736842
0 0.793852 0.911879 0.134319 104.803493
1 0.9141049999999999 1.216872 0.08938599999999999 88.235294
1 1.541569 1.634824 0.103227 112.676056
0 1.773877 1.562858 0.094816 137.142857
1 0.826919 1.175772 0.06729599999999999 83.333333
0 0.60661 0.961596 0.112472 73.846154
0 1.021772 1.134297 0.10899 107.462687
