# init_mag dcoeff ccoeff
1.476699767e+00 8.714086783e-02 8.021026652e-02
8.801957350e-01 6.362452087e-02 7.611429847e-02
1.423246234e+00 5.339434861e-02 4.675690216e-02
7.616924239e-01 8.949059071e-02 2.295616393e-02
8.190970584e-01 1.150075547e-02 8.241086939e-02
6.180912330e-01 9.455823703e-02 1.926255227e-02
7.417662933e-01 2.572739667e-02 3.581247450e-02
8.185339288e-01 1.731452729e-02 9.132667309e-02
1.464079245e+00 3.399259263e-02 9.990052628e-02
7.636498043e-01 7.182434434e-02 9.689806017e-02
9.410061221e-01 6.756660976e-02 8.860402767e-02
1.109870809e+00 8.927044263e-02 6.238831276e-02
1.363621297e+00 1.953385226e-02 6.747533287e-02
1.363757671e+00 2.486177487e-02 8.017500146e-02
1.174881313e+00 1.470624669e-02 3.733526858e-02
1.159874348e+00 9.182340683e-02 9.511657948e-02
1.235757698e+00 5.471219479e-02 8.331784410e-02
7.227536581e-01 3.794240461e-02 6.029662100e-02
6.720661847e-01 2.500780554e-02 4.221545526e-02
1.370414972e+00 9.752424562e-02 4.833905075e-02
5.601386578e-01 6.360287108e-02 6.907307695e-02
1.183688909e+00 6.509520490e-02 2.184939645e-02
1.171238019e+00 7.155285577e-02 8.265905720e-02
1.111017981e+00 1.636511460e-02 3.667756647e-02
5.601373128e-01 7.818049378e-02 3.073742633e-02
1.477769274e+00 3.816177204e-02 7.885487913e-02
9.389516267e-01 6.679013482e-02 4.685812514e-02
1.032595022e+00 2.058785182e-02 4.197425735e-02
5.031322875e-01 7.918093985e-02 1.521646069e-02
7.512671055e-01 9.679845024e-02 5.913416713e-02
1.358490437e+00 5.042930939e-02 2.405981377e-02
9.252983512e-01 6.664817186e-02 6.101385600e-02
1.235818994e+00 2.420586087e-02 9.089715051e-02
1.422043217e+00 8.486090605e-02 5.415905985e-02
6.534741711e-01 5.634706914e-02 3.259532346e-02
1.492259229e+00 6.142021914e-02 1.679509843e-02
6.823317828e-01 3.052401739e-02 5.683423133e-02
1.440112902e+00 3.256565417e-02 5.482375395e-02
5.868830553e-01 2.162924093e-02 3.820363964e-02
9.682107151e-01 5.796597138e-02 4.471168792e-02
1.328989200e+00 6.886784203e-02 3.925879996e-02
7.810522630e-01 5.868648241e-02 2.350118842e-02
1.369091511e+00 7.187165472e-02 2.510876747e-02
1.476416574e+00 8.722261245e-02 5.207309775e-02
1.341713657e+00 7.171276666e-02 3.545307027e-02
9.488736003e-01 5.590218359e-02 5.553438066e-02
8.705084298e-01 8.208010929e-02 6.962294153e-02
9.826694370e-01 1.050028796e-02 9.951427661e-02
5.921815468e-01 3.701669071e-02 7.242566784e-02
7.266831051e-01 9.567951415e-02 1.570806907e-02
1.036566237e+00 6.301604661e-02 9.330321950e-02
1.233231651e+00 8.404084475e-02 9.787718642e-02
9.489107889e-01 5.059340856e-02 5.422580352e-02
8.055007697e-01 9.717966131e-02 6.575857108e-02
1.447359603e+00 8.727633091e-02 2.854495707e-02
1.251033836e+00 2.673603191e-02 1.835415729e-02
9.720484599e-01 3.219924271e-02 8.891572184e-02
9.572758796e-01 3.947723090e-02 2.241648800e-02
1.246337803e+00 6.669308576e-02 4.687516551e-02
1.355399878e+00 4.121914436e-02 4.138069108e-02
7.935015581e-01 4.152339448e-02 2.860906230e-02
1.233314499e+00 2.172281826e-02 4.343197296e-02
1.308830703e+00 3.390178015e-02 5.668388753e-02
1.387086974e+00 2.350552192e-02 7.816865737e-02
5.248332113e-01 4.765648216e-02 8.101168703e-02
1.012549448e+00 6.368097705e-02 8.112910044e-02
1.112785680e+00 5.008679588e-02 8.570951684e-02
7.803489516e-01 8.838075342e-02 7.865838039e-02
9.521317266e-01 9.751734865e-02 7.611691950e-02
1.031221089e+00 8.503511143e-02 4.491524342e-02
1.488634563e+00 4.689149194e-02 5.106130266e-02
5.059781689e-01 4.197203605e-02 6.626381332e-02
7.012882856e-01 6.724925892e-02 3.984462826e-02
7.568757963e-01 6.611402712e-02 6.407319021e-02
8.407448391e-01 6.664232163e-02 8.026063977e-02
5.530019625e-01 3.562104164e-02 7.953265082e-02
8.264944954e-01 3.959680095e-02 1.519504435e-02
6.983582072e-01 8.400184524e-02 9.056569611e-02
1.329214909e+00 7.163470304e-02 1.812475429e-02
1.137121629e+00 2.718672759e-02 4.118027322e-02
5.854407357e-01 7.966561969e-02 4.090436397e-02
7.201604373e-01 5.659447868e-02 7.754289290e-02
1.181176006e+00 7.690701263e-02 7.193371201e-02
6.344100894e-01 5.033122696e-02 2.274310669e-02
1.456513691e+00 2.874879268e-02 1.254621523e-02
6.365239774e-01 7.128127732e-02 1.070130982e-02
1.297702139e+00 8.466607250e-02 6.473432744e-02
9.982935225e-01 5.733315261e-02 9.898452628e-02
8.047077274e-01 8.963715012e-02 2.457748088e-02
7.342060522e-01 9.825785094e-02 9.253913530e-02
1.393008166e+00 6.652270215e-02 8.549600068e-02
8.775365040e-01 8.309273103e-02 3.805693964e-02
5.763454516e-01 8.832832362e-02 7.283424793e-02
5.338068544e-01 9.399606141e-02 6.869502641e-02
9.616133222e-01 5.580276586e-02 5.708418845e-02
1.373823961e+00 8.782839949e-02 4.756057690e-02
8.506094910e-01 3.791915996e-02 4.194104293e-02
1.323520552e+00 2.231804530e-02 1.042113055e-02
1.447199074e+00 8.826886984e-02 6.158126810e-02
5.670407099e-01 4.483660282e-02 1.234718976e-02
7.978400906e-01 4.895310716e-02 4.508312773e-02
1.119161016e+00 3.915808796e-02 3.133786331e-02
8.017574296e-01 9.137421761e-02 2.714634941e-02
6.748464511e-01 1.126518149e-02 8.965781671e-02
9.955051952e-01 5.492388767e-02 1.692443650e-02
1.260570400e+00 5.432409732e-02 5.574576567e-02
1.187261577e+00 9.828085603e-02 5.601211590e-02
7.481547795e-01 9.148190602e-02 4.886763039e-02
1.122046594e+00 7.789090186e-02 2.008764340e-02
8.156556908e-01 3.525069285e-02 9.882078409e-02
7.772164172e-01 7.775712758e-02 3.798149195e-02
1.429865211e+00 4.812498625e-02 8.903439599e-02
7.795952691e-01 3.529247695e-02 7.303128733e-02
1.448835016e+00 6.387431130e-02 5.842450618e-02
7.020173513e-01 9.035021275e-02 7.222488585e-02
1.065478415e+00 5.662156749e-02 3.155944890e-02
8.803031304e-01 8.297463206e-02 5.767141208e-02
1.308106727e+00 5.668033511e-02 9.345541743e-02
6.275536679e-01 3.146266657e-02 9.964144267e-02
1.451339551e+00 8.219391657e-02 5.155909324e-02
1.228827357e+00 9.560064274e-02 7.582189151e-02
6.755449978e-01 5.600858669e-02 2.747846439e-02
1.192759094e+00 1.049361774e-02 2.935026356e-02
5.928330237e-01 6.250149397e-02 3.292581523e-02
1.056401571e+00 1.017280886e-02 7.801877461e-02
6.024941347e-01 1.283055591e-02 9.982053822e-02
5.436932413e-01 7.112534096e-02 3.596996907e-02
8.926905067e-01 4.007196667e-02 7.884582494e-02
1.191054061e+00 4.035046990e-02 6.938357026e-02
1.226977431e+00 6.658008669e-02 7.446639484e-02
1.169031599e+00 1.478183764e-02 9.070213421e-02
1.091554734e+00 9.971514620e-02 9.173558822e-02
1.379000552e+00 2.313937254e-02 1.038211735e-02
1.037657653e+00 7.941266527e-02 8.386200777e-02
5.978223977e-01 9.112327192e-02 8.459908624e-02
6.412958235e-01 6.912255786e-02 8.234616675e-02
1.462280089e+00 6.785958896e-02 9.998445649e-02
1.298103904e+00 9.094817234e-02 2.730733954e-02
5.067537721e-01 2.115984688e-02 9.406497162e-02
1.445811544e+00 6.944256192e-02 4.189773201e-02
1.155422586e+00 4.519485069e-02 7.769773153e-02
1.410684569e+00 7.741600490e-02 8.849867111e-02
6.525846598e-01 5.812871066e-02 6.694631073e-02
1.088632319e+00 5.778307516e-02 9.623226838e-02
1.003765600e+00 9.157875271e-02 2.096876500e-02
6.738089820e-01 2.832835445e-02 9.620856429e-02
5.628502983e-01 8.234410566e-02 8.505361687e-02
1.164548334e+00 2.174595467e-02 3.962009023e-02
5.319052560e-01 6.285510604e-02 4.250015003e-02
7.381556001e-01 3.201924166e-02 1.765925022e-02
1.015429654e+00 2.661782755e-02 7.844208109e-02
1.102357820e+00 9.976542972e-02 9.625243655e-02
7.829595317e-01 5.848103197e-02 4.349576890e-02
1.343130003e+00 8.836254185e-02 7.244405079e-02
1.394705574e+00 7.522386925e-02 5.927600961e-02
1.223191227e+00 7.792421471e-02 7.379957287e-02
1.426541415e+00 6.887071170e-02 3.722181659e-02
5.589972348e-01 4.483910188e-02 4.154804471e-02
5.501474633e-01 3.354988104e-02 4.062538898e-02
6.238801222e-01 4.768808466e-02 8.575376571e-02
6.220804415e-01 6.184957474e-02 6.033831246e-02
1.031150148e+00 8.727660630e-02 7.463589195e-02
1.413138042e+00 8.898721374e-02 7.795976327e-02
6.824672703e-01 4.590188881e-02 4.340454831e-02
1.491498710e+00 1.084474964e-02 2.276968907e-02
1.379904890e+00 4.687248027e-02 6.845871567e-02
8.229556341e-01 5.837241946e-02 7.104818214e-02
6.913157057e-01 5.509423927e-02 7.695186535e-02
9.968664343e-01 1.823479539e-02 8.084290196e-02
8.144053207e-01 8.796931480e-02 6.409287473e-02
5.303046585e-01 6.972631163e-02 4.616883124e-02
5.926235247e-01 9.163886605e-02 1.382958523e-02
1.089020349e+00 5.983421406e-02 1.213327048e-02
1.134038382e+00 7.907331550e-02 2.118142299e-02
1.466344484e+00 2.191530926e-02 3.377949612e-02
5.148796844e-01 4.202037424e-02 7.508073058e-02
1.233159984e+00 1.512975102e-02 6.348241292e-02
1.132862855e+00 6.174094875e-02 4.616922595e-02
1.001684921e+00 6.620500318e-02 4.747929101e-02
6.209365537e-01 3.937490009e-02 1.886472129e-02
1.357940386e+00 4.245854307e-02 3.226154753e-02
1.202410875e+00 4.762131838e-02 7.844491220e-02
1.068614029e+00 2.935027070e-02 5.123813004e-02
1.481099211e+00 7.974501713e-02 7.477218525e-02
5.903527012e-01 5.473799747e-02 6.216181828e-02
1.227079771e+00 3.650371559e-02 4.904302919e-02
9.886337018e-01 8.177071716e-02 1.089643583e-02
7.804991420e-01 9.156401344e-02 6.458956227e-02
1.385330267e+00 7.237148128e-02 4.045377175e-02
1.307728177e+00 4.135130756e-02 5.905083430e-02
9.394491661e-01 6.489284277e-02 8.272988520e-02
1.141648121e+00 4.162162596e-02 7.899112268e-02
1.131039061e+00 6.626787326e-02 6.285915252e-02
5.084367241e-01 3.348078031e-02 3.711251818e-02
7.216583475e-01 2.543074611e-02 3.156527897e-02
7.168927835e-01 6.122336701e-02 9.795882955e-02
7.202690278e-01 4.437871984e-02 1.926323268e-02
1.241137214e+00 1.813853028e-02 3.555938536e-02
1.441554009e+00 4.239975487e-02 5.046095144e-02
7.664372994e-01 6.676314404e-02 4.370512411e-02
1.247273308e+00 8.965015238e-02 7.659587786e-02
5.020710767e-01 9.208523245e-02 3.345286045e-02
1.309356321e+00 8.739649384e-02 8.672552617e-02
1.306808892e+00 9.802713123e-02 1.901887042e-02
5.545326666e-01 3.609901708e-02 5.207580522e-02
5.989362828e-01 9.516048296e-02 2.391038280e-02
1.053226569e+00 5.185422778e-02 5.067678212e-02
1.262910553e+00 4.212202992e-02 7.174630089e-02
1.230931237e+00 4.318632202e-02 8.858291022e-02
1.182471044e+00 9.710488161e-02 5.830585245e-02
1.262591309e+00 9.927114779e-02 6.324738852e-02
1.099412526e+00 9.730496927e-02 1.992339443e-02
7.354773729e-01 8.062469158e-02 8.167962786e-02
5.280612918e-01 1.037466223e-02 4.193966823e-02
1.411675838e+00 3.434802526e-02 6.315589998e-02
9.140805996e-01 5.442361856e-02 8.708805518e-02
1.223464080e+00 4.139534308e-02 8.339522111e-02
7.659508736e-01 3.416209732e-02 3.437400164e-02
1.480369577e+00 9.451733857e-02 6.181544592e-02
6.780900024e-01 4.748288021e-02 5.307810726e-02
5.469184186e-01 3.904848117e-02 5.351556781e-02
9.941158084e-01 6.801600749e-02 1.565561380e-02
8.705291174e-01 3.957120934e-02 8.174886845e-02
1.155574256e+00 9.179656400e-02 8.902223728e-02
5.000461286e-01 6.722344336e-02 5.278157893e-02
6.430147252e-01 4.038505236e-02 1.558467510e-02
1.358975880e+00 1.548919921e-02 3.383035235e-02
1.182809970e+00 2.001849800e-02 2.514431802e-02
8.320333062e-01 6.750382002e-02 8.472260678e-02
5.248161990e-01 8.285693009e-02 6.724426040e-02
5.422029167e-01 5.221532071e-02 4.860797469e-02
8.895825129e-01 1.446262690e-02 2.393474690e-02
1.443011313e+00 5.642090887e-02 1.573951564e-02
1.418612070e+00 3.315592873e-02 5.421325330e-02
8.147269675e-01 4.589668067e-02 8.042593619e-02
8.722209592e-01 6.160698546e-02 1.176395755e-02
7.667497430e-01 3.075554743e-02 7.710674671e-02
6.418739544e-01 2.013862273e-02 6.481310666e-02
1.091518522e+00 3.771960667e-02 6.004327131e-02
9.630796144e-01 5.895651138e-02 3.234239922e-02
1.335330328e+00 6.792466890e-02 9.887892017e-02
9.954339489e-01 7.212217343e-02 7.332423388e-02
5.177145233e-01 8.852806309e-02 6.692830934e-02
9.378947086e-01 1.199353122e-02 8.000061449e-02
6.340384129e-01 6.959561741e-02 6.426978266e-02
8.324009697e-01 9.461872962e-02 8.362507681e-02
1.001302700e+00 7.307963754e-02 1.391699232e-02
1.043368711e+00 5.089470201e-02 3.644766375e-02
1.194848901e+00 1.674524819e-02 6.103641095e-02
1.464195746e+00 7.894320116e-02 5.068208826e-02
8.749016270e-01 7.017660830e-02 7.888879110e-02
1.255347800e+00 3.576593442e-02 4.467959640e-02
1.028479739e+00 3.529925384e-02 6.576600823e-02
1.364631462e+00 4.060058186e-02 7.648911501e-02
1.060848997e+00 9.632304224e-02 5.012434899e-02
8.821374518e-01 2.870611841e-02 5.300907121e-02
9.999618889e-01 5.725327269e-02 1.192933070e-02
1.029737869e+00 7.782810731e-02 6.811672189e-02
1.485621960e+00 7.656978055e-02 6.591785422e-02
5.612813748e-01 5.240244675e-02 5.232008341e-02
5.448468954e-01 3.748672201e-02 1.653707026e-02
6.943247914e-01 4.291144288e-02 4.098488261e-02
5.039088036e-01 3.372307629e-02 8.384099666e-02
6.058111752e-01 7.727501162e-02 6.498340742e-02
8.944377343e-01 2.398449814e-02 6.100485196e-02
7.048308706e-01 9.190534383e-02 4.086074742e-02
9.819653689e-01 1.904828546e-02 2.237903034e-02
1.345400145e+00 7.582140546e-02 7.707895796e-02
1.138468218e+00 2.505723516e-02 5.780240118e-02
1.267432200e+00 4.574921558e-02 6.973048107e-02
1.330547857e+00 1.738343860e-02 9.664946407e-02
6.269394929e-01 3.925699419e-02 8.004584615e-02
5.442671816e-01 8.931297232e-02 6.555120405e-02
9.481971236e-01 3.184244679e-02 2.774770954e-02
9.665555556e-01 4.056014742e-02 3.328979679e-02
1.460267487e+00 6.505855980e-02 4.158648533e-02
7.578057775e-01 8.268405912e-02 9.312052185e-02
9.441107527e-01 6.033836831e-02 5.163918257e-02
1.059008379e+00 5.071541055e-02 3.935021568e-02
1.349988825e+00 2.429018583e-02 6.203808523e-02
6.253289326e-01 6.666670537e-02 2.206900100e-02
1.428501378e+00 4.036556157e-02 1.253018503e-02
1.079709037e+00 2.222693253e-02 4.639417346e-02
9.625334108e-01 2.522174275e-02 8.712942264e-02
9.433937361e-01 3.057993597e-02 5.746429777e-02
5.498910467e-01 9.928934000e-02 6.541701661e-02
7.750260949e-01 5.501856378e-02 1.984241879e-02
1.119929186e+00 5.187013286e-02 2.616692580e-02
1.419012177e+00 3.528570401e-02 9.051117177e-02
1.420682467e+00 4.990695825e-02 9.038916965e-02
7.560635633e-01 1.791826711e-02 5.559114736e-02
1.036146329e+00 3.352255844e-02 9.990694183e-02
8.059241484e-01 2.274742500e-02 6.464866791e-02
8.678516973e-01 3.135502350e-02 2.928993470e-02
8.510971544e-01 2.965317462e-02 1.867520843e-02
9.328077319e-01 5.744323246e-02 8.761834660e-02
5.032620899e-01 3.974986199e-02 2.310381157e-02
9.548687781e-01 9.308897460e-02 5.366147690e-02
8.139589934e-01 4.190711494e-02 1.298806860e-02
7.636495989e-01 3.372897136e-02 7.757506007e-02
1.072413035e+00 6.292238597e-02 4.395583915e-02
9.910186574e-01 8.370074024e-02 9.889649486e-02
1.219688860e+00 9.737554957e-02 3.900280043e-02
9.637864108e-01 8.523185071e-02 3.642538075e-02
1.351113462e+00 6.641849669e-02 3.384388520e-02
1.288332671e+00 3.828731162e-02 1.110395545e-02
1.041047256e+00 6.499428570e-02 3.713182611e-02
1.446285307e+00 8.626471791e-02 9.893276690e-02
1.146386005e+00 2.908692723e-02 7.005628323e-02
9.214041082e-01 8.786235372e-02 5.939966663e-02
7.263322701e-01 6.852080737e-02 4.687020747e-02
6.624572393e-01 1.863429624e-02 4.823236378e-02
8.547521890e-01 7.978561005e-02 3.807493400e-02
7.456488420e-01 3.450473774e-02 4.832730673e-02
9.678622980e-01 9.665912326e-02 5.528960371e-02
1.276475269e+00 6.677588226e-02 4.133596969e-02
5.386747363e-01 3.012040796e-02 1.491748009e-02
1.282040262e+00 9.362346496e-02 5.946830078e-02
6.681343017e-01 4.740959846e-02 6.688680032e-02
1.088846034e+00 1.049201245e-02 9.882982796e-02
5.044091749e-01 9.741283668e-02 3.266342998e-02
1.333149122e+00 6.138352933e-02 3.903990307e-02
1.217539473e+00 3.634134315e-02 1.109853378e-02
6.784325325e-01 5.390284637e-02 6.868859788e-02
1.418893424e+00 7.166094683e-02 9.225022330e-02
8.525373097e-01 6.092389956e-02 8.552335718e-02
1.112380585e+00 1.010165637e-02 2.431837437e-02
7.162412078e-01 6.615845280e-02 7.489678966e-02
9.985637682e-01 9.305013867e-02 7.707506379e-02
1.183308723e+00 8.551608240e-02 3.784428442e-02
6.977244924e-01 1.159975918e-02 7.041640721e-02
8.260294153e-01 9.248122120e-02 8.148217615e-02
9.336005591e-01 4.452164411e-02 5.761457602e-02
1.055101544e+00 2.319666064e-02 6.197153319e-02
7.912231279e-01 8.315824081e-02 8.405954492e-02
9.728735621e-01 5.926155218e-02 1.102075327e-02
6.041479326e-01 9.681152958e-02 4.318530174e-02
9.379076721e-01 2.883650634e-02 7.296643575e-02
5.211796858e-01 6.220534509e-02 8.824157770e-02
6.790313162e-01 5.141163968e-02 7.862568992e-02
1.413070197e+00 1.407398080e-02 3.030600918e-02
7.068455785e-01 3.264923165e-02 4.873381806e-02
8.641199125e-01 5.416270158e-02 5.962167421e-02
6.811150108e-01 6.440130364e-02 8.367109376e-02
1.085135702e+00 5.625588776e-02 8.195262127e-02
1.088200117e+00 8.168880837e-02 7.225061633e-02
1.392990961e+00 1.282645048e-02 7.128134719e-02
1.232898102e+00 3.530317984e-02 6.685188386e-02
1.443631820e+00 2.892370464e-02 2.919131562e-02
6.947839164e-01 9.816715017e-02 1.158520048e-02
7.410795417e-01 8.353944994e-02 2.040732225e-02
1.365953527e+00 5.519606537e-02 3.498151640e-02
1.370092290e+00 1.321501758e-02 3.931063130e-02
6.338181318e-01 4.402554715e-02 4.362709976e-02
8.628867556e-01 8.045285607e-02 6.161852128e-02
5.136034778e-01 4.051828462e-02 9.589109157e-02
7.336108833e-01 7.165976032e-02 5.683185915e-02
8.458255949e-01 2.608687219e-02 8.427444097e-02
8.085163984e-01 4.520981737e-02 3.783964049e-02
6.212304028e-01 7.785231520e-02 7.987842521e-02
1.453259646e+00 3.865824806e-02 1.089549939e-02
8.578161495e-01 8.559182054e-02 3.294535546e-02
9.725279235e-01 4.509063823e-02 9.261498228e-02
1.194759689e+00 1.504705987e-02 4.708873634e-02
1.315284042e+00 2.986789374e-02 9.225378746e-02
1.389486544e+00 8.247247244e-02 4.608511978e-02
1.087594729e+00 6.727385150e-02 6.593150963e-02
1.384091388e+00 3.160158259e-02 1.405496276e-02
1.054002797e+00 4.815523313e-02 7.288769892e-02
1.295556879e+00 3.840266662e-02 2.662582366e-02
7.423292252e-01 5.150178620e-02 5.060264716e-02
1.249472343e+00 4.583730699e-02 3.466146337e-02
7.590594585e-01 4.020516762e-02 6.320433580e-02
1.076893653e+00 8.164560952e-02 1.532450822e-02
1.435684612e+00 6.126738055e-02 8.119976805e-02
1.114263841e+00 2.697183916e-02 8.826086027e-02
5.705850222e-01 1.658087306e-02 5.041652862e-02
1.393023577e+00 9.661071523e-02 7.489175621e-02
1.019607589e+00 7.358955570e-02 9.174858160e-02
5.841121458e-01 7.406726995e-02 2.843139259e-02
8.741442388e-01 7.277543307e-02 5.283940610e-02
1.232726295e+00 4.865136139e-02 8.262010729e-02
5.929803804e-01 5.489858234e-02 4.908726601e-02
1.167787668e+00 6.600746582e-02 8.472680492e-02
1.496312841e+00 7.292579390e-02 2.790964598e-02
6.891984050e-01 2.611959374e-02 3.875284974e-02
1.137629454e+00 5.723584963e-02 7.094178729e-02
1.423616342e+00 1.232168340e-02 6.726561438e-02
1.312486431e+00 4.832870638e-02 4.522786034e-02
7.353566844e-01 1.352981454e-02 2.778537978e-02
1.159912601e+00 4.324423804e-02 8.829481477e-02
1.374110693e+00 7.887645428e-02 7.760070509e-02
1.179597775e+00 6.884954864e-02 7.086607979e-02
6.730202838e-01 6.494916353e-02 4.512699710e-02
1.323196167e+00 4.104088416e-02 8.104105304e-02
1.342384300e+00 5.191392729e-02 6.292722910e-02
1.375237272e+00 2.797307031e-02 5.810383581e-02
6.219292989e-01 2.890609935e-02 8.608818355e-02
8.879329945e-01 2.489802198e-02 2.931602874e-02
1.025469093e+00 3.457710116e-02 9.204399550e-02
6.265546095e-01 8.985554431e-02 9.989781652e-02
8.949573995e-01 8.594554743e-02 9.836811593e-02
1.415618539e+00 9.362315290e-02 6.625208468e-02
1.255228591e+00 8.822094853e-02 8.925083549e-02
5.629552036e-01 1.907652214e-02 6.865253895e-02
1.233690354e+00 8.016332338e-02 6.495152307e-02
1.034004289e+00 5.166960922e-02 4.650605725e-02
1.476017562e+00 7.667008129e-02 5.321552759e-02
1.188909306e+00 8.657005337e-02 7.864641113e-02
1.488990323e+00 7.444219487e-02 7.881330158e-02
8.957602412e-01 7.419171965e-02 7.789979461e-02
1.283228884e+00 9.050310354e-02 9.215458576e-02
1.304312433e+00 3.057446624e-02 1.920682163e-02
6.320282726e-01 3.928679465e-02 8.368494770e-02
6.951346882e-01 9.377149388e-02 2.492374592e-02
1.052990919e+00 1.345747061e-02 4.492900955e-02
1.315575082e+00 5.496819185e-02 7.069787526e-02
7.569818755e-01 9.543572645e-02 8.568105703e-02
5.197869472e-01 5.346068623e-02 3.638242722e-02
8.030326954e-01 3.045960746e-02 5.623616172e-02
8.644016966e-01 9.378988111e-02 9.887051620e-02
1.108963772e+00 8.618602468e-02 6.525132213e-02
6.877875901e-01 1.808178873e-02 3.558311322e-02
7.596144484e-01 9.473585077e-02 6.038251428e-02
1.121589340e+00 1.225379698e-02 6.155747736e-02
6.318420860e-01 5.849345371e-02 3.073590478e-02
9.157899584e-01 5.491666875e-02 6.379290732e-02
9.294215336e-01 8.660431478e-02 7.918498710e-02
6.299452329e-01 8.568561694e-02 5.056607016e-02
6.471354922e-01 6.845145238e-02 1.757501484e-02
8.941790480e-01 5.370847469e-02 6.117366437e-02
1.238979056e+00 3.138505561e-02 3.910824843e-02
1.140164543e+00 4.305429122e-02 2.244539851e-02
1.291610008e+00 3.443057932e-02 9.366032653e-02
1.154629628e+00 6.078666068e-02 9.625514640e-02
5.494924775e-01 4.874387688e-02 2.239843121e-02
1.301849941e+00 4.400596726e-02 5.349120588e-02
7.974604657e-01 5.563962016e-02 6.198495981e-02
9.147528908e-01 2.523586136e-02 4.073441932e-02
7.242174794e-01 7.127394667e-02 8.093590168e-02
1.224487191e+00 6.016040491e-02 3.429023436e-02
1.301842832e+00 6.393715487e-02 2.704481245e-02
1.358904567e+00 4.239593849e-02 5.157401850e-02
7.572775093e-01 3.892524445e-02 5.752315328e-02
1.113228887e+00 5.839474685e-02 8.184014784e-02
8.251882098e-01 6.930683340e-02 8.966468811e-02
1.320884105e+00 9.671658242e-02 3.638313794e-02
6.303624179e-01 7.514882174e-02 2.231633377e-02
1.281992091e+00 2.441060656e-02 2.621851311e-02
1.062581172e+00 4.347768056e-02 8.256963733e-02
7.063936876e-01 5.758644588e-02 1.652381798e-02
5.355084631e-01 1.905487819e-02 2.759809418e-02
5.968722401e-01 1.064276926e-02 7.197946165e-02
1.375409225e+00 2.583458374e-02 4.606118932e-02
1.224692739e+00 5.354169276e-02 6.511535672e-02
1.257200389e+00 5.420987363e-02 6.738589344e-02
1.049440860e+00 5.551389852e-02 9.943384227e-02
8.847535762e-01 2.180746644e-02 5.860656327e-02
8.962494188e-01 7.557866396e-02 1.983020844e-02
5.586936363e-01 6.263574936e-02 9.415441231e-02
1.105742340e+00 2.798673998e-02 5.533935153e-02
1.177656152e+00 7.381761035e-02 3.512275517e-02
6.068772960e-01 8.261019418e-02 1.157976403e-02
1.326181653e+00 8.780312717e-02 4.393984938e-02
1.187080735e+00 9.099169224e-02 8.052587570e-02
1.447162072e+00 7.378815236e-02 1.389920632e-02
1.455652856e+00 8.148898614e-02 1.723052294e-02
1.336204332e+00 1.413718039e-02 6.518809677e-02
1.002143637e+00 7.622140694e-02 8.767961272e-02
9.184484165e-01 5.045274931e-02 9.105791800e-02
5.140761916e-01 2.492195287e-02 6.837871304e-02
8.736365833e-01 4.884846820e-02 3.245042416e-02
6.322474693e-01 5.806330350e-02 3.790431619e-02
5.285519958e-01 6.935984302e-02 2.779385589e-02
1.118332460e+00 2.612602370e-02 1.645296082e-02
1.094567940e+00 1.161622433e-02 8.656349615e-02
1.226116315e+00 7.581875449e-02 1.142677214e-02
1.097266598e+00 9.825291371e-02 9.699607460e-02
1.045703013e+00 5.352250216e-02 4.855710883e-02
1.076521383e+00 7.229546443e-02 8.210309886e-02
9.258500204e-01 6.368928967e-02 5.713400710e-02
1.341329475e+00 3.726827607e-02 3.099779215e-02
5.697400247e-01 6.678688256e-02 2.031448671e-02
5.380099774e-01 7.142076767e-02 7.896839001e-02
5.251174187e-01 8.778529912e-02 5.314995786e-02
9.656639881e-01 7.238220806e-02 4.724072542e-02
1.210189632e+00 4.777339405e-02 3.932080016e-02
1.271657227e+00 7.566786122e-02 6.099640597e-02
1.060049109e+00 1.146504592e-02 6.477957385e-02
1.318267187e+00 4.474435803e-02 7.694985550e-02
1.315277173e+00 1.104561652e-02 2.831569115e-02
6.996873896e-01 1.725017831e-02 4.952544115e-02
7.165142479e-01 4.156339021e-02 5.238389615e-02
1.360209460e+00 6.154090596e-02 6.222091186e-02
1.496600994e+00 8.106412063e-02 4.258708218e-02
7.001514767e-01 7.554882112e-02 8.692204804e-02
1.103478659e+00 3.970059046e-02 4.768121381e-02
7.699870012e-01 1.890862974e-02 9.192441098e-02
1.045781636e+00 4.159944960e-02 1.890037503e-02
1.435123159e+00 4.121224725e-02 6.786439634e-02
7.189531150e-01 7.079489945e-02 7.840160249e-02
5.504966511e-01 2.456528484e-02 2.496503629e-02
1.079973267e+00 4.226482397e-02 7.233993564e-02
1.333654526e+00 2.773032683e-02 5.585088389e-02
1.037458431e+00 2.307186849e-02 3.299520992e-02
1.074547471e+00 1.087141384e-02 6.835529394e-02
1.121711896e+00 4.069642829e-02 2.477196025e-02
9.867397864e-01 1.785237102e-02 6.184563867e-02
5.685731059e-01 9.394026018e-02 2.809193309e-02
9.890948640e-01 5.816580641e-02 2.697133667e-02
1.095520519e+00 7.927791455e-02 2.458151857e-02
5.565753895e-01 1.581640630e-02 1.330226707e-02
1.167201834e+00 6.592711736e-02 2.706987521e-02
1.285554547e+00 8.468747841e-02 2.591041866e-02
1.435248191e+00 8.056603608e-02 2.905104379e-02
1.215281157e+00 3.128611641e-02 9.032791295e-02
1.403168919e+00 6.207474051e-02 5.370151880e-02
1.344653196e+00 6.944748582e-02 9.185643237e-02
1.197417142e+00 8.564691151e-02 6.640907816e-02
8.303928117e-01 5.104479336e-02 7.610858989e-02
5.573354958e-01 8.832576949e-02 3.871156663e-02
1.475194187e+00 2.443594557e-02 1.006518608e-02
1.128573819e+00 3.667547809e-02 7.023637230e-02
1.450058916e+00 2.673068962e-02 5.286178397e-02
6.566336741e-01 7.890348437e-02 7.713296900e-02
7.224156285e-01 9.137783775e-02 6.720838298e-02
1.069405651e+00 4.062662429e-02 4.016722498e-02
7.835589016e-01 5.005464939e-02 6.305887111e-02
5.218642771e-01 2.400876711e-02 1.342261957e-02
1.155679110e+00 9.697756500e-02 6.222565480e-02
6.941296924e-01 4.288002316e-02 9.521842296e-02
1.353942780e+00 8.654241415e-02 5.110530196e-02
6.036259203e-01 7.653821088e-02 3.991228167e-02
8.428364414e-01 5.624668251e-02 8.179724736e-02
8.182804534e-01 1.795660933e-02 4.787278736e-02
7.668312567e-01 1.658340702e-02 2.106176050e-02
1.060358378e+00 8.267194478e-02 6.199245579e-02
1.036484864e+00 8.252926352e-02 2.719581122e-02
5.909200060e-01 1.194303775e-02 2.166298079e-02
8.887122837e-01 9.514978252e-02 6.216641160e-02
9.607240836e-01 4.765913466e-02 8.764640804e-02
1.365820071e+00 3.203231774e-02 5.003853004e-02
1.280966240e+00 7.720034311e-02 4.969386090e-02
1.324353263e+00 6.872157797e-02 3.113390974e-02
1.117296928e+00 8.587427475e-02 9.583353217e-02
1.011232331e+00 4.711912628e-02 4.214712568e-02
1.444797626e+00 6.608649175e-02 5.952523235e-02
9.959754106e-01 7.687214945e-02 4.992014122e-02
9.731913438e-01 8.946560758e-02 8.578391897e-02
1.076526265e+00 7.457986895e-02 8.764890433e-02
8.033182742e-01 1.231003810e-02 8.701036161e-02
1.383042488e+00 5.416192930e-02 6.199663982e-02
1.022882679e+00 9.098813842e-02 5.250140756e-02
1.050788035e+00 6.157925327e-02 3.841207247e-02
7.198420497e-01 4.172625920e-02 5.671982533e-02
1.047712309e+00 9.273162924e-02 4.073674718e-02
1.021978907e+00 2.439440863e-02 2.251897648e-02
7.435984881e-01 7.177897452e-02 7.130443031e-02
9.277293921e-01 2.002415173e-02 9.222151034e-02
5.979314433e-01 4.390967309e-02 7.164911032e-02
7.212270378e-01 9.141645939e-02 8.412565481e-02
1.411489008e+00 1.545368870e-02 9.550160215e-02
1.378173567e+00 2.019178628e-02 3.962109385e-02
1.329608451e+00 1.875272689e-02 4.283196074e-02
1.221117562e+00 9.625197480e-02 7.291094209e-02
8.237903752e-01 8.200194774e-02 1.975515018e-02
5.763800919e-01 1.409970563e-02 9.335207909e-02
1.229337563e+00 9.547098115e-02 8.978514152e-02
6.757167334e-01 8.098777367e-02 1.118424249e-02
1.195114410e+00 5.301847145e-02 4.260447788e-02
1.273857924e+00 7.573102291e-02 5.808011666e-02
8.790388716e-01 7.562089950e-02 8.172143781e-02
5.531229735e-01 3.562393732e-02 5.065183413e-02
1.127868006e+00 3.093548433e-02 3.117158132e-02
9.183098998e-01 5.885126507e-02 7.976675617e-02
5.617266795e-01 5.606316221e-02 1.644744084e-02
8.992607360e-01 3.232613676e-02 7.108927174e-02
1.426377241e+00 3.034783269e-02 6.283381540e-02
7.100970237e-01 3.033860515e-02 2.892319391e-02
1.361565434e+00 2.663476559e-02 1.358648508e-02
9.723433587e-01 5.083365009e-02 3.346842745e-02
1.120246226e+00 2.377669131e-02 1.812777722e-02
7.738424071e-01 6.245711673e-02 6.723223720e-02
8.475493913e-01 3.321718548e-02 4.403887404e-02
5.630323245e-01 7.881728277e-02 9.763529007e-02
5.889496113e-01 9.151397585e-02 9.198901555e-02
1.009003358e+00 2.862582593e-02 3.034942031e-02
7.518590986e-01 4.842428202e-02 7.828390031e-02
1.268300821e+00 9.080690478e-02 7.610166937e-02
8.481634926e-01 4.648438259e-02 9.860079025e-02
1.366555601e+00 2.091037956e-02 2.448530862e-02
1.321129489e+00 1.645739697e-02 9.428029018e-02
7.158471139e-01 2.064695915e-02 9.776410399e-02
6.166009073e-01 9.362920677e-02 6.033380912e-02
8.226232966e-01 8.574606174e-02 6.620649963e-02
1.058996375e+00 3.270497437e-02 2.290238409e-02
1.349128874e+00 5.557426614e-02 2.523905264e-02
1.479198096e+00 8.579525795e-02 7.343702338e-02
1.285546978e+00 4.941471328e-02 5.104325446e-02
8.281719146e-01 6.138580774e-02 7.005843981e-02
1.477738576e+00 8.821118908e-02 1.891712389e-02
1.400083786e+00 7.870085622e-02 9.239387476e-02
1.016775293e+00 6.122026116e-02 5.040841259e-02
8.910791448e-01 8.048264349e-02 1.719532085e-02
8.748557321e-01 3.832910508e-02 5.639675779e-02
1.484409007e+00 7.481868612e-02 9.532290678e-02
8.917137365e-01 6.583127406e-02 7.812974484e-02
1.143859663e+00 8.825519441e-02 3.998090731e-02
6.205553797e-01 4.799876079e-02 4.636934923e-02
6.130949214e-01 5.945027289e-02 3.047834733e-02
1.227106533e+00 2.269707879e-02 2.505658682e-02
1.371877019e+00 4.553546047e-02 4.904698292e-02
1.060865561e+00 4.787975926e-02 3.943052589e-02
1.350042213e+00 1.687498346e-02 6.492611214e-02
5.045741799e-01 5.306081186e-02 3.277359546e-02
8.767717451e-01 5.854250297e-02 1.791502275e-02
5.281345921e-01 3.781311353e-02 5.077165413e-02
8.898119199e-01 3.742946890e-02 1.751002499e-02
8.115584110e-01 6.243506788e-02 7.781015834e-02
8.610476104e-01 3.252481757e-02 3.365234490e-02
6.530474317e-01 8.906469893e-02 3.146505840e-02
1.247267285e+00 3.294319442e-02 9.304647154e-02
1.495405443e+00 7.062081493e-02 5.047799739e-02
5.044774344e-01 6.562006361e-02 3.369185874e-02
1.143809189e+00 9.754613761e-02 5.815202964e-02
8.301783907e-01 7.025403014e-02 7.905246457e-02
1.042598727e+00 2.193762847e-02 9.731417839e-02
9.235007147e-01 8.154681613e-02 6.285870805e-02
1.469432664e+00 9.142796438e-02 1.129613128e-02
6.985770450e-01 3.781447917e-02 2.124874796e-02
1.103956140e+00 3.469599841e-02 9.926575897e-02
1.225201181e+00 1.977139940e-02 2.125797911e-02
6.306511312e-01 9.646417130e-02 4.447673366e-02
1.180812493e+00 5.780452325e-02 3.309924991e-02
1.326730670e+00 6.092513981e-02 4.030754970e-02
9.423047436e-01 6.481345646e-02 7.047095674e-02
5.948118047e-01 3.210147995e-02 6.243274817e-02
6.268916880e-01 2.943358666e-02 6.610237141e-02
9.750148888e-01 4.008504086e-02 5.314213771e-02
1.230041953e+00 3.157851966e-02 1.177735117e-02
1.124251005e+00 5.195708101e-02 8.155967060e-02
6.043568293e-01 2.780053915e-02 6.709038987e-02
8.334123504e-01 3.654350803e-02 9.727502196e-02
7.857482328e-01 8.920059642e-02 1.003966382e-02
8.463026894e-01 2.211711179e-02 2.929452799e-02
6.161872971e-01 4.764665445e-02 4.482394297e-02
1.000288279e+00 9.676132174e-02 1.236597025e-02
8.472162323e-01 9.423181403e-02 2.830638989e-02
1.223893213e+00 1.289228037e-02 6.927781345e-02
5.856616096e-01 3.365592805e-02 7.121036523e-02
6.984811752e-01 7.325873132e-02 3.256110233e-02
5.461283286e-01 8.489930472e-02 4.273865692e-02
8.643260135e-01 6.809798736e-02 5.776024948e-02
1.290123548e+00 4.283128108e-02 9.686361732e-02
6.253069922e-01 4.651487246e-02 5.190768372e-02
9.208711853e-01 5.519734141e-02 2.792256519e-02
1.180975342e+00 4.341182859e-02 9.105239466e-02
6.439976097e-01 3.270332941e-02 1.363146236e-02
5.178061544e-01 3.721651694e-02 3.861174676e-02
5.187425704e-01 7.433122577e-02 6.217240538e-02
1.073486438e+00 3.266561113e-02 9.603737667e-02
7.888207263e-01 1.354798310e-02 3.734136462e-02
1.172437537e+00 7.784968493e-02 9.560829003e-02
7.085361942e-01 7.381747458e-02 4.880597950e-02
1.010327907e+00 6.757502323e-02 7.910614756e-02
1.392951292e+00 9.559206127e-02 6.419803829e-02
1.093901007e+00 4.078983905e-02 1.990672527e-02
1.133237842e+00 3.877072439e-02 7.389159309e-02
1.455280459e+00 1.223826496e-02 3.394304579e-02
8.441359678e-01 9.100670792e-02 9.534645155e-02
9.488620256e-01 2.649364855e-02 5.202577296e-02
1.144534019e+00 5.604773788e-02 3.692339238e-02
9.622702900e-01 3.486249904e-02 5.404166405e-02
1.090051333e+00 5.975621155e-02 3.773332036e-02
5.048094907e-01 5.732764724e-02 5.485580518e-02
1.042681863e+00 8.886467421e-02 5.228627688e-02
7.564452563e-01 5.813005818e-02 4.673785795e-02
8.703266966e-01 7.446288257e-02 8.701164401e-02
1.288406527e+00 6.372849900e-02 3.210839861e-02
8.281075188e-01 9.702829087e-02 8.146253167e-02
1.367353024e+00 4.685806169e-02 3.240394262e-02
1.180358883e+00 3.241251181e-02 5.963345697e-02
1.252289342e+00 9.129708928e-02 5.042977372e-02
1.117033898e+00 6.637602242e-02 1.039041114e-02
1.475300768e+00 5.964775088e-02 2.751007014e-02
1.409985026e+00 6.138924929e-02 1.335035077e-02
1.389818648e+00 2.035873745e-02 8.427964736e-02
1.259235109e+00 7.186479190e-02 2.857507131e-02
5.430947116e-01 6.949032000e-02 8.843157686e-02
5.363837643e-01 6.600494258e-02 7.885968430e-02
1.308263122e+00 5.519231688e-02 8.225296523e-02
1.478397454e+00 1.134272302e-02 7.022613918e-02
1.158906671e+00 3.225269052e-02 6.540002974e-02
8.888157941e-01 8.393456899e-02 3.147680240e-02
1.137226487e+00 6.579463516e-02 1.854537359e-02
6.901491812e-01 6.575024781e-02 8.789249717e-02
9.103572764e-01 3.117564323e-02 6.651084591e-02
8.712148072e-01 8.181094534e-02 9.978109900e-02
7.853283361e-01 2.617682721e-02 2.590985816e-02
6.657901624e-01 1.964211039e-02 4.749493761e-02
1.438083767e+00 6.751514436e-02 7.337721230e-02
1.491714292e+00 1.009621228e-02 2.886584692e-02
1.060923012e+00 1.008119387e-02 1.028451893e-02
1.058410815e+00 5.350349094e-02 9.486537149e-02
1.462366683e+00 7.188586862e-02 1.995540804e-02
1.179829859e+00 7.775207750e-02 3.688735830e-02
5.491793003e-01 9.705409169e-02 8.677465332e-02
7.875956420e-01 6.164408126e-02 6.342080915e-02
9.033298671e-01 6.156213933e-02 7.181324508e-02
8.926699630e-01 8.289144053e-02 8.317498426e-02
7.195095446e-01 3.861439631e-02 2.214179518e-02
8.927720245e-01 2.433311335e-02 4.986821231e-02
1.212152802e+00 7.710448266e-02 4.250194478e-02
1.292387389e+00 9.170055504e-02 2.622255400e-02
1.370092325e+00 4.923189911e-02 6.313217776e-02
6.831230207e-01 9.276038165e-02 1.647286744e-02
9.302495195e-01 3.036440655e-02 1.606663506e-02
6.500485461e-01 4.204943445e-02 5.917281185e-02
7.756117322e-01 8.503723938e-02 8.990056325e-02
5.597204270e-01 9.423586575e-02 1.763862276e-02
1.132889401e+00 6.649194174e-02 6.948736900e-02
7.930769679e-01 9.527758511e-02 3.791729876e-02
1.400723068e+00 4.247372121e-02 2.645984806e-02
7.895994929e-01 3.537396196e-02 5.217532045e-02
5.838919579e-01 5.675301997e-02 7.878161813e-02
9.492584957e-01 9.060448318e-02 6.486257686e-02
7.102223638e-01 1.990691033e-02 4.460772504e-02
1.119450208e+00 4.343538081e-02 3.615314366e-02
1.037269519e+00 7.710890675e-02 1.516359384e-02
1.425701378e+00 6.543415510e-02 2.429558617e-02
8.233794308e-01 2.944345833e-02 7.803434680e-02
1.247725873e+00 3.063308576e-02 1.299359236e-02
1.297598275e+00 1.099147661e-02 9.964822423e-02
5.508822502e-01 6.055261593e-02 5.795284287e-02
7.599159200e-01 9.729115141e-02 2.730328815e-02
1.242660237e+00 2.102550926e-02 5.515256576e-02
1.142291175e+00 7.960137714e-02 5.311769948e-02
1.171381334e+00 3.411057460e-02 8.189863147e-02
9.230024106e-01 6.875801611e-02 5.268454331e-02
5.487903850e-01 9.820627179e-02 5.011068529e-02
7.276914326e-01 7.116405519e-02 8.166828272e-02
9.751704007e-01 4.310223709e-02 4.116070427e-02
9.052801997e-01 3.115568389e-02 4.713476400e-02
1.349807122e+00 6.797379532e-02 2.641503133e-02
1.353450890e+00 9.625290933e-02 4.790796408e-02
1.452988797e+00 7.888624938e-02 2.988571205e-02
1.488929577e+00 9.670501666e-02 9.876750084e-02
1.387124495e+00 7.281898758e-02 9.100492127e-02
1.141283894e+00 9.808168164e-02 4.717441252e-02
9.716447536e-01 9.227460082e-02 8.925879581e-02
6.911417806e-01 1.153739115e-02 6.723096031e-02
5.780850122e-01 8.210078465e-02 1.682109974e-02
1.073712737e+00 1.313075388e-02 5.378233842e-02
1.168917895e+00 7.129580089e-02 3.813177110e-02
1.116952682e+00 7.827192170e-02 2.329812555e-02
5.848649257e-01 5.938975158e-02 4.824758269e-02
1.318740125e+00 5.566682842e-02 2.659881623e-02
5.349954247e-01 2.078707272e-02 1.595330184e-02
1.060388031e+00 3.533672542e-02 8.128029285e-02
6.064719109e-01 2.750491601e-02 3.916581092e-02
1.499135156e+00 4.334227981e-02 6.419438050e-02
1.124632067e+00 1.827370687e-02 3.712368035e-02
7.979003118e-01 4.756352567e-02 1.736282330e-02
1.374199438e+00 1.424598753e-02 9.926111992e-02
1.179711936e+00 1.190122382e-02 7.252871675e-02
7.557154163e-01 9.920739233e-02 7.749176458e-02
1.383785759e+00 3.402652304e-02 3.261868314e-02
1.477770201e+00 2.148471375e-02 6.217280370e-02
1.036522836e+00 4.832631195e-02 6.527901585e-02
1.125465721e+00 2.774852411e-02 7.546393277e-02
9.336117944e-01 9.510122541e-02 6.977589215e-02
5.897201961e-01 3.992129904e-02 4.580424864e-02
1.369279092e+00 7.138006139e-02 5.924727490e-02
6.411851568e-01 3.986090709e-02 7.469128382e-02
1.163715052e+00 5.655930462e-02 4.935756142e-02
9.556373045e-01 1.531928740e-02 9.817224968e-02
7.630232226e-01 1.272254174e-02 4.474149315e-02
1.236737175e+00 6.777585962e-02 6.101668860e-02
1.328625779e+00 4.960369539e-02 4.378127135e-02
1.318311664e+00 9.916221852e-02 2.188208640e-02
6.984259351e-01 2.804631083e-02 3.618398034e-02
1.057652334e+00 8.936501148e-02 4.640361650e-02
6.668681120e-01 1.786294803e-02 8.081489358e-02
1.249561401e+00 7.688362119e-02 9.415641675e-02
7.674320685e-01 4.424790890e-02 6.157506253e-02
1.374252671e+00 7.483003271e-02 7.275955827e-02
5.074591383e-01 3.042888291e-02 9.706303701e-02
6.261868653e-01 3.168036862e-02 3.558922073e-02
6.016924107e-01 9.208263671e-02 5.640362165e-02
7.582813357e-01 2.374099724e-02 6.527887890e-02
1.083228028e+00 8.715891332e-02 5.308165031e-02
1.337280509e+00 6.967311266e-02 7.394093223e-02
1.137577377e+00 5.522166842e-02 6.505950533e-02
1.190549984e+00 9.783072380e-02 7.326863230e-02
6.077705079e-01 6.774067530e-02 3.029279122e-02
7.096496667e-01 1.180917465e-02 7.467792202e-02
1.314831567e+00 6.554858679e-02 9.377710228e-02
1.190712956e+00 9.571295837e-02 1.261170831e-02
1.443984417e+00 6.894107662e-02 1.634919430e-02
6.586684510e-01 4.550044194e-02 7.730444508e-02
6.322609547e-01 2.469427346e-02 1.874141531e-02
7.622339364e-01 2.706132966e-02 2.183774328e-02
1.294091603e+00 2.420895027e-02 3.700912636e-02
1.007977372e+00 7.834661027e-02 4.040788261e-02
1.116209067e+00 8.352087732e-02 5.374562508e-02
6.742569598e-01 8.708451435e-02 9.587367159e-02
1.105454325e+00 1.369812656e-02 8.309420472e-02
1.055745221e+00 2.082813237e-02 7.035459537e-02
1.175166247e+00 4.262054751e-02 9.154375944e-02
9.416242333e-01 7.420273716e-02 3.802449554e-02
1.141711149e+00 4.632998233e-02 6.215253004e-02
9.246076139e-01 4.449814583e-02 4.299684880e-02
1.058949298e+00 3.400397457e-02 3.313238753e-02
7.508279271e-01 7.340559143e-02 5.172417864e-02
5.430160647e-01 2.813848365e-02 2.259934888e-02
6.806607661e-01 7.253699918e-02 9.234548201e-02
6.948100421e-01 8.561974343e-02 7.270631394e-02
5.745681079e-01 6.356365804e-02 1.400650392e-02
1.413349125e+00 7.525096458e-02 3.679618127e-02
6.407729451e-01 8.484238991e-02 4.616004437e-02
1.378751236e+00 9.610783589e-02 9.058079372e-02
1.445834990e+00 8.842246218e-02 8.856927987e-02
1.386443698e+00 3.262306357e-02 8.474567760e-02
1.490656008e+00 6.860088331e-02 1.971617437e-02
1.364656359e+00 1.259012600e-02 8.150007749e-02
1.206363428e+00 4.824008708e-02 2.045666358e-02
1.316064291e+00 8.886976803e-02 2.530053798e-02
8.691773742e-01 5.440296186e-02 9.364348141e-02
7.995489980e-01 6.362731115e-02 9.773896438e-02
1.363015428e+00 4.001754980e-02 3.728231104e-02
1.094327712e+00 5.958149609e-02 6.837265673e-02
5.707245175e-01 8.629723121e-02 7.314028226e-02
1.003586420e+00 8.698012888e-02 4.769308620e-02
9.636318644e-01 2.788184446e-02 1.737203301e-02
1.480240879e+00 6.565612624e-02 7.854109729e-02
1.059517135e+00 3.437960445e-02 1.928445825e-02
1.411837061e+00 9.743073948e-02 6.964510938e-02
5.513761136e-01 1.680106925e-02 6.417460424e-02
7.857041901e-01 5.944318502e-02 6.619358527e-02
1.143259956e+00 8.551134247e-02 1.173917648e-02
1.108099259e+00 7.361948645e-02 7.013133271e-02
1.178350443e+00 4.829310862e-02 1.217585218e-02
6.557603463e-01 6.582889438e-02 5.169804720e-02
8.385269295e-01 6.557876502e-02 4.528106275e-02
1.274645159e+00 9.235559374e-02 9.301041150e-02
5.679295189e-01 3.749401152e-02 6.805844446e-02
7.479446367e-01 2.744219975e-02 6.451998720e-02
9.944132472e-01 1.497908892e-02 5.856437391e-02
6.241120582e-01 2.236135773e-02 7.288456552e-02
6.363572508e-01 8.390610213e-02 7.903215176e-02
1.121072888e+00 9.572924161e-02 1.149831097e-02
1.007868607e+00 6.241294892e-02 6.771936044e-02
8.032829092e-01 6.504500184e-02 4.605414781e-02
1.206846197e+00 7.115083947e-02 3.002276719e-02
9.182559288e-01 1.993278595e-02 5.210088114e-02
6.394950130e-01 4.661685824e-02 8.954190818e-02
1.012630931e+00 2.417893737e-02 2.510869294e-02
6.101929604e-01 1.341705225e-02 1.237221608e-02
1.492183190e+00 7.648824991e-02 8.909936842e-02
1.132992135e+00 2.909148330e-02 1.764676674e-02
6.581342413e-01 2.168370569e-02 6.716623926e-02
1.076258758e+00 3.590787731e-02 2.882659553e-02
8.622208214e-01 4.340738048e-02 7.502322000e-02
1.249393450e+00 6.899718337e-02 4.478002150e-02
1.409573832e+00 6.152287738e-02 3.864609946e-02
1.066124189e+00 7.586764901e-02 5.874150118e-02
9.088271945e-01 6.977254746e-02 5.285597458e-02
6.298384803e-01 5.579847608e-02 8.206682611e-02
7.769386950e-01 7.980270335e-02 7.179429718e-02
1.006193460e+00 6.255950550e-02 5.517376209e-02
7.876614305e-01 6.674208677e-02 5.870022143e-02
7.687899536e-01 5.581104879e-02 4.339032693e-02
8.956291211e-01 8.582238175e-02 2.762077339e-02
7.026048892e-01 3.561742996e-02 2.933943199e-02
8.846976957e-01 1.241896843e-02 5.986401855e-02
1.182199995e+00 3.242256357e-02 5.564101094e-02
1.247248182e+00 6.721613337e-02 1.637749590e-02
5.281097781e-01 2.091257207e-02 5.603020718e-02
1.283916581e+00 1.572295924e-02 1.636998351e-02
1.304373885e+00 9.836233287e-02 8.641054166e-02
1.109272641e+00 3.110373627e-02 1.390932304e-02
8.950683445e-01 1.980884869e-02 6.766524964e-02
1.380340786e+00 2.354571797e-02 1.719257706e-02
6.169605659e-01 1.295579907e-02 1.574023657e-02
1.291465762e+00 4.087854426e-02 4.934281196e-02
1.255531552e+00 9.601493589e-02 9.325494955e-02
1.334928879e+00 4.099521000e-02 1.276561269e-02
1.246980932e+00 2.454989419e-02 5.683133802e-02
6.118886318e-01 5.453657077e-02 6.996224633e-02
5.249899827e-01 3.880325249e-02 1.815022317e-02
1.243054022e+00 8.028704292e-02 8.882129147e-02
1.195552620e+00 4.923343011e-02 1.751032463e-02
1.037097784e+00 5.075682898e-02 3.871631589e-02
6.274127663e-01 6.533017042e-02 4.155509630e-02
6.905067894e-01 9.321696453e-02 1.464575326e-02
1.020279040e+00 8.487774990e-02 1.038178563e-02
1.193964488e+00 2.429110664e-02 4.614986390e-02
1.467108696e+00 8.306577150e-02 2.247150363e-02
1.120964774e+00 1.379367854e-02 1.439793167e-02
1.381275811e+00 8.012765043e-02 3.601942001e-02
1.318808317e+00 8.639844539e-02 8.621873527e-02
5.719438239e-01 7.376445000e-02 9.326866452e-02
1.249157459e+00 3.708279729e-02 1.162497290e-02
1.416985233e+00 9.866226426e-02 5.751984544e-02
1.387869684e+00 5.940287613e-02 4.264384728e-02
1.162150250e+00 8.952367226e-02 6.392139050e-02
1.056219350e+00 3.616821122e-02 6.511730975e-02
1.026733849e+00 4.638433663e-02 4.561003676e-02
1.093432651e+00 5.947745534e-02 9.880773355e-02
8.431018824e-01 9.594216095e-02 1.453067628e-02
1.202724986e+00 1.332081842e-02 5.509856984e-02
1.264894942e+00 8.448276590e-02 8.180328261e-02
7.702923548e-01 9.120686577e-02 8.512768490e-02
8.110323585e-01 5.186160438e-02 8.400097985e-02
8.211786048e-01 7.413585066e-02 7.290556006e-02
1.211034696e+00 9.000807301e-02 5.322219652e-02
1.132515759e+00 5.228937443e-02 1.924265546e-02
1.040841665e+00 3.063160236e-02 1.296778543e-02
1.310628966e+00 2.343511133e-02 4.390530840e-02
5.461230538e-01 2.046835310e-02 7.780658721e-02
8.125149651e-01 1.272402914e-02 6.102530754e-02
1.488928886e+00 5.918445417e-02 1.783967070e-02
6.454216259e-01 3.202637968e-02 3.779592157e-02
1.399818089e+00 1.699712110e-02 4.956039913e-02
1.206120218e+00 6.778826400e-02 5.752580123e-02
8.980654823e-01 6.803126552e-02 4.167788650e-02
9.634147456e-01 6.673336916e-02 3.343546322e-02
1.066533814e+00 5.050089892e-02 3.801205151e-02
1.313781830e+00 9.761968304e-02 8.322472174e-02
9.083236429e-01 5.108082254e-02 6.637726227e-02
5.740952401e-01 7.123895941e-02 6.455744731e-02
1.392174204e+00 8.207414726e-02 9.260157182e-02
5.465125450e-01 9.779221206e-02 2.372565512e-02
1.273020666e+00 7.026372672e-02 3.316058001e-02
1.348388071e+00 5.987259850e-02 8.634018097e-02
1.251717548e+00 7.709069901e-02 5.280438318e-02
7.830873825e-01 1.585799546e-02 7.103234927e-02
5.064577476e-01 1.227466169e-02 9.794925513e-02
1.027658529e+00 6.446927078e-02 4.708030725e-02
9.075629753e-01 7.681225610e-02 1.969437648e-02
8.712260404e-01 8.353130245e-02 2.394468147e-02
5.362622164e-01 8.547209899e-02 9.206559431e-02
9.879130110e-01 4.752267193e-02 1.689900143e-02
1.449174071e+00 3.041987759e-02 7.346442233e-02
1.122270763e+00 9.747117092e-02 1.394623142e-02
9.106907021e-01 2.360843171e-02 6.090600980e-02
6.549912481e-01 9.784900675e-02 6.232078982e-02
1.192446166e+00 5.839851388e-02 8.343886610e-02
1.077143241e+00 3.636293470e-02 2.825783102e-02
1.418140624e+00 8.546689824e-02 1.083486916e-02
8.357527153e-01 6.000674626e-02 6.582694286e-02
9.117263590e-01 8.509174291e-02 3.620625958e-02
6.747371690e-01 4.499640942e-02 1.754051165e-02
1.064144047e+00 8.086394332e-02 3.290083366e-02
1.498272946e+00 5.300995593e-02 7.440299876e-02
7.009562703e-01 9.771212225e-02 3.155720658e-02
6.338121117e-01 6.504148998e-02 3.661765186e-02
6.404987093e-01 7.451312782e-02 8.230228713e-02
8.256172254e-01 8.959680561e-02 7.229552190e-02
1.406692048e+00 3.980990868e-02 3.321874254e-02
8.310028136e-01 6.744086908e-02 6.358916663e-02
9.596284666e-01 2.029153037e-02 2.630292238e-02
1.444522725e+00 6.464075210e-02 4.662527885e-02
8.816782961e-01 5.480606815e-02 2.708189797e-02
9.212030462e-01 6.888995093e-02 6.884452321e-02
1.445032682e+00 7.596609569e-02 1.967754507e-02
7.795233009e-01 9.543677742e-02 8.141492404e-02
6.880992682e-01 6.281604910e-02 1.994964082e-02
1.228773349e+00 7.422391278e-02 7.337213194e-02
9.130142575e-01 1.610027520e-02 3.288076627e-02
1.078268862e+00 5.528650438e-02 8.112532637e-02
1.458101726e+00 4.840905172e-02 8.933278304e-02
1.260836562e+00 6.308554731e-02 1.435899796e-02
9.544936161e-01 4.787864238e-02 9.950350019e-02
6.423486444e-01 4.782282488e-02 2.854643295e-02
1.344521894e+00 3.888706312e-02 9.235810959e-02
1.092824140e+00 1.602024708e-02 3.568211191e-02
5.867790167e-01 2.992404462e-02 6.735254074e-02
1.469482269e+00 8.458489751e-02 8.673744813e-02
8.872077391e-01 7.836582483e-02 1.027845741e-02
5.357544976e-01 8.092750303e-02 4.588039224e-02
1.444596753e+00 7.842244394e-02 5.394712216e-02
1.113752608e+00 5.326802552e-02 2.877285164e-02
9.542063707e-01 4.309038424e-02 2.112069254e-02
9.580820828e-01 8.086201881e-02 4.287748916e-02
1.454115502e+00 7.741897738e-02 6.350743972e-02
8.001060907e-01 2.752769458e-02 2.225271848e-02
8.559296141e-01 2.073009052e-02 7.573201879e-02
6.509102864e-01 9.732502565e-02 1.047260273e-02
7.336274470e-01 6.040483558e-02 3.768294964e-02
5.465387631e-01 5.714344282e-02 9.483405189e-02
8.485285808e-01 5.195391194e-02 9.672695975e-02
1.285680936e+00 3.359094466e-02 9.804046660e-02
9.628003719e-01 6.275424701e-02 3.606248116e-02
1.006963750e+00 9.972397028e-02 6.406502343e-02
1.170907582e+00 7.737916829e-02 8.067877391e-02
9.432996040e-01 5.645091347e-02 7.326529686e-02
7.032813282e-01 4.384838366e-02 1.909297676e-02
1.390884921e+00 4.019515911e-02 4.737026447e-02
1.135839164e+00 5.154236112e-02 2.550462963e-02
